{"cells":[{"cell_type":"code","execution_count":null,"id":"a8ae20f8","metadata":{"id":"a8ae20f8"},"outputs":[],"source":["import pandas as pd\n","import os\n","\n","def read_and_shape_csv(directory_path):\n","    all_dfs = []  # Create an empty list to store DataFrames for each file\n","\n","    # Iterate over each file in the directory\n","    for filename in os.listdir(directory_path):\n","        if filename.endswith(\".csv\"):\n","            file_path = os.path.join(directory_path, filename)\n","            try:\n","                # Read CSV file into a DataFrame\n","                df = pd.read_csv(file_path)\n","\n","                # Append the DataFrame to the list\n","                all_dfs.append(df)\n","\n","            except FileNotFoundError:\n","                print(f\"File '{filename}' not found.\")\n","\n","    return all_dfs\n","\n","# Replace 'directory_path' with the path to the directory containing your CSV files\n","directory_path = '/home/sanjeev/Dhanunjay/Keppler Mapping LBP/SCZ data'  # Example directory path\n","all_dfs = read_and_shape_csv(directory_path)\n"]},{"cell_type":"code","execution_count":null,"id":"60841e61","metadata":{"id":"60841e61","outputId":"6ab752ea-ca4f-40c0-d5a9-876733e0a5a9"},"outputs":[{"name":"stdout","output_type":"stream","text":["Number of DataFrames in all_dfs: 40\n"]}],"source":["\n","\n","# Print the size of all_dfs\n","print(\"Number of DataFrames in all_dfs:\", len(all_dfs))"]},{"cell_type":"code","execution_count":null,"id":"3235cff4","metadata":{"id":"3235cff4","outputId":"c85ecce9-8213-45b4-ed8b-5f1c4c49bd92"},"outputs":[{"name":"stdout","output_type":"stream","text":["40\n"]}],"source":["import numpy as np\n","print(len(all_dfs))\n","# for df in all_dfs:\n","#     print(df.shape)"]},{"cell_type":"code","execution_count":null,"id":"65cacf3c","metadata":{"id":"65cacf3c"},"outputs":[],"source":["import numpy as np\n","\n","# Initialize an empty list to store the sliced and transposed DataFrames\n","all_sliced_data = []\n","data_untransposed=[]\n","# Loop through each DataFrame in all_dfs\n","for df in all_dfs:\n","    # Perform slicing operation\n","    sliced_data = df.iloc[0:1000, 4:68]\n","    data_untransposed.append(sliced_data)\n","#     Perform transposition\n","    transposed_data = np.transpose(sliced_data)\n","\n","#     Append the transposed DataFrame to the list\n","    all_sliced_data.append(transposed_data)\n","#     all_sliced_data.append(sliced_data)\n","\n","# Now all_sliced_data will contain transposed DataFrames for all DataFrames in all_dfs\n","# You can access each transposed DataFrame using indexing, for example: all_sliced_data[0], all_sliced_data[1], etc.\n"]},{"cell_type":"code","execution_count":null,"id":"70235401","metadata":{"id":"70235401","outputId":"57d3696b-07ae-4b2d-91e7-e6c2203f5c71"},"outputs":[{"name":"stdout","output_type":"stream","text":["40\n","(1000, 64)\n"]}],"source":["print(len(all_sliced_data))\n","print(np.shape(data_untransposed[0]))\n","# for df in all_sliced_data:\n","#     print(df.shape)"]},{"cell_type":"code","execution_count":null,"id":"1774c229","metadata":{"id":"1774c229","outputId":"69f9fb71-e96b-4ac2-827c-fa1bfda7a2b9"},"outputs":[{"name":"stderr","output_type":"stream","text":["/tmp/ipykernel_51652/1554281358.py:44: RuntimeWarning: More than 20 figures have been opened. Figures created through the pyplot interface (`matplotlib.pyplot.figure`) are retained until explicitly closed and may consume too much memory. (To control this warning, see the rcParam `figure.max_open_warning`).\n","  plt.figure(figsize=(10, 8))\n"]},{"data":{"text/plain":["<Figure size 720x576 with 0 Axes>"]},"metadata":{},"output_type":"display_data"},{"data":{"text/plain":["<Figure size 720x576 with 0 Axes>"]},"metadata":{},"output_type":"display_data"},{"data":{"text/plain":["<Figure size 720x576 with 0 Axes>"]},"metadata":{},"output_type":"display_data"},{"data":{"text/plain":["<Figure size 720x576 with 0 Axes>"]},"metadata":{},"output_type":"display_data"},{"data":{"text/plain":["<Figure size 720x576 with 0 Axes>"]},"metadata":{},"output_type":"display_data"},{"data":{"text/plain":["<Figure size 720x576 with 0 Axes>"]},"metadata":{},"output_type":"display_data"},{"data":{"text/plain":["<Figure size 720x576 with 0 Axes>"]},"metadata":{},"output_type":"display_data"},{"data":{"text/plain":["<Figure size 720x576 with 0 Axes>"]},"metadata":{},"output_type":"display_data"},{"data":{"text/plain":["<Figure size 720x576 with 0 Axes>"]},"metadata":{},"output_type":"display_data"},{"data":{"text/plain":["<Figure size 720x576 with 0 Axes>"]},"metadata":{},"output_type":"display_data"},{"data":{"text/plain":["<Figure size 720x576 with 0 Axes>"]},"metadata":{},"output_type":"display_data"},{"data":{"text/plain":["<Figure size 720x576 with 0 Axes>"]},"metadata":{},"output_type":"display_data"},{"data":{"text/plain":["<Figure size 720x576 with 0 Axes>"]},"metadata":{},"output_type":"display_data"},{"data":{"text/plain":["<Figure size 720x576 with 0 Axes>"]},"metadata":{},"output_type":"display_data"},{"data":{"text/plain":["<Figure size 720x576 with 0 Axes>"]},"metadata":{},"output_type":"display_data"},{"data":{"text/plain":["<Figure size 720x576 with 0 Axes>"]},"metadata":{},"output_type":"display_data"},{"data":{"text/plain":["<Figure size 720x576 with 0 Axes>"]},"metadata":{},"output_type":"display_data"},{"data":{"text/plain":["<Figure size 720x576 with 0 Axes>"]},"metadata":{},"output_type":"display_data"},{"data":{"text/plain":["<Figure size 720x576 with 0 Axes>"]},"metadata":{},"output_type":"display_data"},{"data":{"text/plain":["<Figure size 720x576 with 0 Axes>"]},"metadata":{},"output_type":"display_data"},{"data":{"text/plain":["<Figure size 720x576 with 0 Axes>"]},"metadata":{},"output_type":"display_data"},{"data":{"text/plain":["<Figure size 720x576 with 0 Axes>"]},"metadata":{},"output_type":"display_data"},{"data":{"text/plain":["<Figure size 720x576 with 0 Axes>"]},"metadata":{},"output_type":"display_data"},{"data":{"text/plain":["<Figure size 720x576 with 0 Axes>"]},"metadata":{},"output_type":"display_data"},{"data":{"text/plain":["<Figure size 720x576 with 0 Axes>"]},"metadata":{},"output_type":"display_data"},{"data":{"text/plain":["<Figure size 720x576 with 0 Axes>"]},"metadata":{},"output_type":"display_data"},{"data":{"text/plain":["<Figure size 720x576 with 0 Axes>"]},"metadata":{},"output_type":"display_data"},{"data":{"text/plain":["<Figure size 720x576 with 0 Axes>"]},"metadata":{},"output_type":"display_data"},{"data":{"text/plain":["<Figure size 720x576 with 0 Axes>"]},"metadata":{},"output_type":"display_data"},{"data":{"text/plain":["<Figure size 720x576 with 0 Axes>"]},"metadata":{},"output_type":"display_data"},{"data":{"text/plain":["<Figure size 720x576 with 0 Axes>"]},"metadata":{},"output_type":"display_data"},{"data":{"text/plain":["<Figure size 720x576 with 0 Axes>"]},"metadata":{},"output_type":"display_data"},{"data":{"text/plain":["<Figure size 720x576 with 0 Axes>"]},"metadata":{},"output_type":"display_data"},{"data":{"text/plain":["<Figure size 720x576 with 0 Axes>"]},"metadata":{},"output_type":"display_data"},{"data":{"text/plain":["<Figure size 720x576 with 0 Axes>"]},"metadata":{},"output_type":"display_data"},{"data":{"text/plain":["<Figure size 720x576 with 0 Axes>"]},"metadata":{},"output_type":"display_data"},{"data":{"text/plain":["<Figure size 720x576 with 0 Axes>"]},"metadata":{},"output_type":"display_data"},{"data":{"text/plain":["<Figure size 720x576 with 0 Axes>"]},"metadata":{},"output_type":"display_data"},{"data":{"text/plain":["<Figure size 720x576 with 0 Axes>"]},"metadata":{},"output_type":"display_data"},{"data":{"text/plain":["<Figure size 720x576 with 0 Axes>"]},"metadata":{},"output_type":"display_data"}],"source":["import numpy as np\n","import matplotlib.pyplot as plt\n","from sklearn.cluster import DBSCAN\n","import umap.umap_ as umap\n","from gtda.mapper import (\n","    CubicalCover,\n","    make_mapper_pipeline,\n","    Projection,\n",")\n","import networkx as nx\n","\n","# Step 1: Dimensionality reduction using UMAP\n","mapper_dim = 2  # Dimensionality of the Mapper output\n","mapper_overlap = 0.5  # Overlap between adjacent bins in the Mapper cover\n","\n","all_adjacency= []\n","\n","\n","for idx, sliced_data in enumerate(all_sliced_data):\n","    # Dimensionality reduction using UMAP\n","    umap_reducer = umap.UMAP(n_components=mapper_dim)\n","    umap_embedding = umap_reducer.fit_transform(sliced_data.values)\n","\n","    # Apply clustering algorithm\n","    clusterer = DBSCAN(eps=0.5, min_samples=5)\n","    cluster_labels = clusterer.fit_predict(umap_embedding)\n","\n","    # Apply Mapper algorithm\n","    cover = CubicalCover(n_intervals=10)\n","\n","    # Apply Mapper algorithm manually\n","    mapper_data = np.column_stack((umap_embedding, cluster_labels))\n","    mapper_graph = nx.Graph()\n","\n","    for i, data_point in enumerate(mapper_data):\n","        node_id = i\n","        mapper_graph.add_node(node_id, pos=data_point[:2])\n","        for j, other_data_point in enumerate(mapper_data):\n","            other_node_id = j\n","            if i != j and np.linalg.norm(data_point - other_data_point) < 0.5:\n","                mapper_graph.add_edge(node_id, other_node_id)\n","\n","    # Visualize Mapper graph using networkx\n","    plt.figure(figsize=(10, 8))\n","    pos = nx.get_node_attributes(mapper_graph, 'pos')\n","#     nx.draw(mapper_graph, pos=pos, node_size=50, node_color='blue', with_labels=False)\n","#     nx.draw_networkx_edges(mapper_graph, pos=pos, edge_color='black')\n","#     plt.title(f'Mapper Graph for Subject {idx+1}')\n","#     plt.xlabel('UMAP Dimension 1')\n","#     plt.ylabel('UMAP Dimension 2')\n","#     plt.savefig(f'subject_{idx+1}.jpg', format='jpg', dpi=600)\n","#     plt.savefig(f'subject_{idx+1}.svg', format='svg', dpi=600)\n","#     plt.savefig(f'subject_{idx+1}.eps', format='eps', dpi=600)\n","#     plt.show()\n","    # Step 2: Extracting adjacency matrix from the Mapper graph\n","    adjacency_matrix = nx.adjacency_matrix(mapper_graph).toarray()\n","    all_adjacency.append(adjacency_matrix)\n","\n","\n","    # Step 3: Extracting covariance matrix from the data points within each cluster\n","#     def extract_covariance_matrix_from_clusters(data, cluster_labels):\n","#         unique_labels = np.unique(cluster_labels)\n","#         covariance_matrices = []\n","#         for label in unique_labels:\n","#             cluster_indices = np.where(cluster_labels == label)[0]\n","#             cluster_data = data.iloc[cluster_indices]\n","#             covariance_matrix = np.cov(cluster_data.values, rowvar=False)\n","#             covariance_matrices.append(covariance_matrix)\n","#         covariance_matrix = np.mean(covariance_matrices, axis=0)\n","#         return covariance_matrix\n","\n","#     covariance_matrix = extract_covariance_matrix_from_clusters(sliced_data, cluster_labels)\n","#     all_covariance.append(covariance_matrix)\n","\n","#     # Step 4: Extracting correlation matrix from the data points within each cluster\n","#     def extract_correlation_matrix_from_clusters(data, cluster_labels):\n","#         unique_labels = np.unique(cluster_labels)\n","#         correlation_matrices = []\n","#         for label in unique_labels:\n","#             cluster_indices = np.where(cluster_labels == label)[0]\n","#             cluster_data = data.iloc[cluster_indices]\n","#             correlation_matrix = cluster_data.corr().values\n","#             correlation_matrices.append(correlation_matrix)\n","#         correlation_matrix = np.mean(correlation_matrices, axis=0)\n","#         return correlation_matrix\n","\n","#     correlation_matrix = extract_correlation_matrix_from_clusters(sliced_data, cluster_labels)\n","#     all_correlation.append(correlation_matrix)\n","    # Example usage:\n","    # Assuming 'sliced_data' is your DataFrame containing the dataset\n","    # 'cluster_labels' are the labels assigned by DBSCAN clustering\n","\n","#     # Extract adjacency matrix\n","# print(\"Adjacency Matrix:\")\n","# print(all_adjacency)\n","# print(adjacency_matrix.shape)\n","\n","#         # Extract covariance matrix\n","# print(\"\\nCovariance Matrix:\")\n","# print(all_covariance)\n","\n","# for i in range(40):\n","#     final_data.append(all_adjacency[i])\n","#     final_data.append(all_covariance[i])\n","#     final_data.append(all_correlation[i])\n","# print(shape(final_data))"]},{"cell_type":"code","execution_count":null,"id":"023cd675","metadata":{"id":"023cd675","outputId":"c993f876-1f6a-494a-f349-718b49fa6e65"},"outputs":[{"data":{"text/plain":["(40, 64, 64)"]},"execution_count":49,"metadata":{},"output_type":"execute_result"}],"source":["np.shape(all_adjacency)"]},{"cell_type":"code","execution_count":null,"id":"a54f379b","metadata":{"id":"a54f379b"},"outputs":[],"source":["all_covariance= []\n","all_correlation= []\n","for idx, sliced_data in enumerate(data_untransposed):\n","    def extract_covariance_matrix_from_clusters(data, cluster_labels):\n","        unique_labels = np.unique(cluster_labels)\n","        covariance_matrices = []\n","        for label in unique_labels:\n","            cluster_indices = np.where(cluster_labels == label)[0]\n","            cluster_data = data.iloc[cluster_indices]\n","            covariance_matrix = np.cov(cluster_data.values, rowvar=False)\n","            covariance_matrices.append(covariance_matrix)\n","        covariance_matrix = np.mean(covariance_matrices, axis=0)\n","        return covariance_matrix\n","\n","    covariance_matrix = extract_covariance_matrix_from_clusters(sliced_data, cluster_labels)\n","    all_covariance.append(covariance_matrix)\n","\n","    # Step 4: Extracting correlation matrix from the data points within each cluster\n","    def extract_correlation_matrix_from_clusters(data, cluster_labels):\n","        unique_labels = np.unique(cluster_labels)\n","        correlation_matrices = []\n","        for label in unique_labels:\n","            cluster_indices = np.where(cluster_labels == label)[0]\n","            cluster_data = data.iloc[cluster_indices]\n","            correlation_matrix = cluster_data.corr().values\n","            correlation_matrices.append(correlation_matrix)\n","        correlation_matrix = np.mean(correlation_matrices, axis=0)\n","        return correlation_matrix\n","\n","    correlation_matrix = extract_correlation_matrix_from_clusters(sliced_data, cluster_labels)\n","    all_correlation.append(correlation_matrix)"]},{"cell_type":"code","execution_count":null,"id":"ff0de673","metadata":{"id":"ff0de673","outputId":"5884bd03-d14a-4cc1-d5f7-7d61afd8f51b"},"outputs":[{"data":{"text/plain":["(40, 64, 64)"]},"execution_count":51,"metadata":{},"output_type":"execute_result"}],"source":["np.shape(all_covariance)"]},{"cell_type":"code","execution_count":null,"id":"0ba92e0b","metadata":{"id":"0ba92e0b","outputId":"0b16c021-4d05-498b-ab8b-df4d4597f584"},"outputs":[{"data":{"text/plain":["(40, 64, 64)"]},"execution_count":52,"metadata":{},"output_type":"execute_result"}],"source":["np.shape(all_correlation)"]},{"cell_type":"code","execution_count":null,"id":"af49bf59","metadata":{"id":"af49bf59","outputId":"db6c69fe-cc16-485b-fd63-74fc223311f3"},"outputs":[{"data":{"text/plain":["[0,\n"," 0,\n"," 0,\n"," 0,\n"," 0,\n"," 0,\n"," 0,\n"," 0,\n"," 0,\n"," 0,\n"," 0,\n"," 0,\n"," 0,\n"," 0,\n"," 0,\n"," 0,\n"," 0,\n"," 0,\n"," 0,\n"," 0,\n"," 0,\n"," 0,\n"," 0,\n"," 0,\n"," 0,\n"," 1,\n"," 1,\n"," 1,\n"," 1,\n"," 1,\n"," 1,\n"," 1,\n"," 1,\n"," 1,\n"," 1,\n"," 1,\n"," 1,\n"," 1,\n"," 1,\n"," 1]"]},"execution_count":53,"metadata":{},"output_type":"execute_result"}],"source":["\n","new_label=[]\n","for i in range(25):\n","    new_label.append(0)\n","for i in range(15):\n","    new_label.append(1)\n","new_label"]},{"cell_type":"code","execution_count":null,"id":"4a6a6ab0","metadata":{"id":"4a6a6ab0","outputId":"261645d5-d295-4ce2-9057-7991125cd3b2"},"outputs":[{"name":"stdout","output_type":"stream","text":["[[array([[0, 1, 0, ..., 0, 0, 0],\n","       [1, 0, 1, ..., 0, 0, 0],\n","       [0, 1, 0, ..., 0, 0, 0],\n","       ...,\n","       [0, 0, 0, ..., 0, 0, 0],\n","       [0, 0, 0, ..., 0, 0, 0],\n","       [0, 0, 0, ..., 0, 0, 0]]), array([[  7.33196945,   5.87925826,   8.86479168, ..., -14.20618925,\n","        -16.33472052, -15.75456097],\n","       [  5.87925826,   5.76271586,   7.58722831, ..., -15.20550579,\n","        -17.33757579, -16.63090442],\n","       [  8.86479168,   7.58722831,  12.24526802, ..., -19.49963937,\n","        -22.83370632, -21.64438449],\n","       ...,\n","       [-14.20618925, -15.20550579, -19.49963937, ...,  82.42942828,\n","         84.21009955,  87.05693238],\n","       [-16.33472052, -17.33757579, -22.83370632, ...,  84.21009955,\n","         91.05269371,  91.5961222 ],\n","       [-15.75456097, -16.63090442, -21.64438449, ...,  87.05693238,\n","         91.5961222 ,  94.8671509 ]]), array([[ 1.        ,  0.89273168,  0.93333668, ..., -0.55851521,\n","        -0.54991338, -0.53796238],\n","       [ 0.89273168,  1.        ,  0.91267178, ..., -0.72181568,\n","        -0.71145581, -0.67825782],\n","       [ 0.93333668,  0.91267178,  1.        , ..., -0.61197165,\n","        -0.60994947, -0.57810861],\n","       ...,\n","       [-0.55851521, -0.72181568, -0.61197165, ...,  1.        ,\n","         0.97492315,  0.97153726],\n","       [-0.54991338, -0.71145581, -0.60994947, ...,  0.97492315,\n","         1.        ,  0.97899383],\n","       [-0.53796238, -0.67825782, -0.57810861, ...,  0.97153726,\n","         0.97899383,  1.        ]])], [array([[0, 1, 1, ..., 0, 0, 0],\n","       [1, 0, 1, ..., 0, 0, 0],\n","       [1, 1, 0, ..., 0, 0, 0],\n","       ...,\n","       [0, 0, 0, ..., 0, 1, 1],\n","       [0, 0, 0, ..., 1, 0, 0],\n","       [0, 0, 0, ..., 1, 0, 0]]), array([[24.66215178, 23.28691182, 22.29534961, ..., 14.65097017,\n","        21.01609086, 11.80842981],\n","       [23.28691182, 47.48290253, 18.06404374, ..., -9.3191325 ,\n","         4.43557202,  5.24439837],\n","       [22.29534961, 18.06404374, 21.80192191, ..., 15.12698508,\n","        19.58283007, 10.72994549],\n","       ...,\n","       [14.65097017, -9.3191325 , 15.12698508, ..., 41.46287023,\n","        30.51900428, 15.46832049],\n","       [21.01609086,  4.43557202, 19.58283007, ..., 30.51900428,\n","        31.18138366, 17.06946698],\n","       [11.80842981,  5.24439837, 10.72994549, ..., 15.46832049,\n","        17.06946698, 11.01190571]]), array([[ 1.        ,  0.73419722,  0.96324752, ...,  0.2202248 ,\n","         0.54506623,  0.54089528],\n","       [ 0.73419722,  1.        ,  0.63760264, ..., -0.26558187,\n","         0.05178534,  0.21299729],\n","       [ 0.96324752,  0.63760264,  1.        , ...,  0.26232353,\n","         0.5208497 ,  0.51334408],\n","       ...,\n","       [ 0.2202248 , -0.26558187,  0.26232353, ...,  1.        ,\n","         0.7934689 ,  0.62686476],\n","       [ 0.54506623,  0.05178534,  0.5208497 , ...,  0.7934689 ,\n","         1.        ,  0.8805835 ],\n","       [ 0.54089528,  0.21299729,  0.51334408, ...,  0.62686476,\n","         0.8805835 ,  1.        ]])], [array([[0, 1, 1, ..., 0, 0, 0],\n","       [1, 0, 1, ..., 0, 0, 0],\n","       [1, 1, 0, ..., 0, 0, 0],\n","       ...,\n","       [0, 0, 0, ..., 0, 0, 0],\n","       [0, 0, 0, ..., 0, 0, 1],\n","       [0, 0, 0, ..., 0, 1, 0]]), array([[1318.9202747 , 1395.99020368, 1181.68034215, ...,   71.40603959,\n","         107.13268243,   31.30094888],\n","       [1395.99020368, 1478.35343723, 1250.37195991, ...,   75.29572998,\n","         113.20210532,   33.19004713],\n","       [1181.68034215, 1250.37195991, 1059.63499917, ...,   64.19136122,\n","          95.78640654,   28.01141324],\n","       ...,\n","       [  71.40603959,   75.29572998,   64.19136122, ...,   18.3495067 ,\n","          18.07744118,   17.72557567],\n","       [ 107.13268243,  113.20210532,   95.78640654, ...,   18.07744118,\n","          21.18021004,   15.962867  ],\n","       [  31.30094888,   33.19004713,   28.01141324, ...,   17.72557567,\n","          15.962867  ,   23.34046417]]), array([[1.        , 0.99974422, 0.9995384 , ..., 0.49235575, 0.64873151,\n","        0.21486569],\n","       [0.99974422, 1.        , 0.99898693, ..., 0.49054079, 0.64803758,\n","        0.2149686 ],\n","       [0.9995384 , 0.99898693, 1.        , ..., 0.4932024 , 0.64728146,\n","        0.21421006],\n","       ...,\n","       [0.49235575, 0.49054079, 0.4932024 , ..., 1.        , 0.91894553,\n","        0.84874745],\n","       [0.64873151, 0.64803758, 0.64728146, ..., 0.91894553, 1.        ,\n","        0.71288575],\n","       [0.21486569, 0.2149686 , 0.21421006, ..., 0.84874745, 0.71288575,\n","        1.        ]])], [array([[0, 1, 1, ..., 0, 0, 0],\n","       [1, 0, 1, ..., 0, 0, 0],\n","       [1, 1, 0, ..., 0, 0, 0],\n","       ...,\n","       [0, 0, 0, ..., 0, 0, 1],\n","       [0, 0, 0, ..., 0, 0, 0],\n","       [0, 0, 0, ..., 1, 0, 0]]), array([[ 37.98648234,  17.17579324,  13.97950227, ...,  39.63981013,\n","         49.65369532,  53.38141909],\n","       [ 17.17579324,  11.76729106,  11.18186142, ...,   7.56297043,\n","         14.05452669,  12.53804038],\n","       [ 13.97950227,  11.18186142,  13.75075834, ...,  -2.64118504,\n","          4.08011131,  -1.07623144],\n","       ...,\n","       [ 39.63981013,   7.56297043,  -2.64118504, ...,  95.21444567,\n","        104.03592763, 116.72111587],\n","       [ 49.65369532,  14.05452669,   4.08011131, ..., 104.03592763,\n","        122.05612347, 129.29151688],\n","       [ 53.38141909,  12.53804038,  -1.07623144, ..., 116.72111587,\n","        129.29151688, 146.38129305]]), array([[ 1.        ,  0.8090405 ,  0.55021553, ...,  0.65119086,\n","         0.72559568,  0.71671476],\n","       [ 0.8090405 ,  1.        ,  0.8337967 , ...,  0.24079064,\n","         0.39024186,  0.32776873],\n","       [ 0.55021553,  0.8337967 ,  1.        , ..., -0.08715999,\n","         0.07437279, -0.01771541],\n","       ...,\n","       [ 0.65119086,  0.24079064, -0.08715999, ...,  1.        ,\n","         0.96941589,  0.99015407],\n","       [ 0.72559568,  0.39024186,  0.07437279, ...,  0.96941589,\n","         1.        ,  0.97580912],\n","       [ 0.71671476,  0.32776873, -0.01771541, ...,  0.99015407,\n","         0.97580912,  1.        ]])], [array([[0, 1, 0, ..., 0, 0, 0],\n","       [1, 0, 0, ..., 0, 0, 0],\n","       [0, 0, 0, ..., 0, 0, 0],\n","       ...,\n","       [0, 0, 0, ..., 0, 0, 0],\n","       [0, 0, 0, ..., 0, 0, 0],\n","       [0, 0, 0, ..., 0, 0, 0]]), array([[26.86218269, 16.10298817, 29.85200204, ..., 30.89246775,\n","        32.50996698, 25.884781  ],\n","       [16.10298817, 33.01234492, 19.78398864, ..., 24.73325084,\n","        26.58089763, 20.08317755],\n","       [29.85200204, 19.78398864, 34.67244935, ..., 34.50655582,\n","        36.63798702, 29.14732301],\n","       ...,\n","       [30.89246775, 24.73325084, 34.50655582, ..., 59.80411286,\n","        59.32281512, 50.93847389],\n","       [32.50996698, 26.58089763, 36.63798702, ..., 59.32281512,\n","        59.84322523, 50.5114243 ],\n","       [25.884781  , 20.08317755, 29.14732301, ..., 50.93847389,\n","        50.5114243 , 44.62635553]]), array([[1.        , 0.49868751, 0.97509364, ..., 0.8098892 , 0.84289964,\n","        0.78982187],\n","       [0.49868751, 1.        , 0.56553776, ..., 0.52911718, 0.54560764,\n","        0.51686622],\n","       [0.97509364, 0.56553776, 1.        , ..., 0.79191647, 0.8290668 ,\n","        0.77580069],\n","       ...,\n","       [0.8098892 , 0.52911718, 0.79191647, ..., 1.        , 0.99225466,\n","        0.98688578],\n","       [0.84289964, 0.54560764, 0.8290668 , ..., 0.99225466, 1.        ,\n","        0.97737798],\n","       [0.78982187, 0.51686622, 0.77580069, ..., 0.98688578, 0.97737798,\n","        1.        ]])], [array([[0, 1, 1, ..., 0, 0, 0],\n","       [1, 0, 0, ..., 0, 0, 0],\n","       [1, 0, 0, ..., 0, 0, 0],\n","       ...,\n","       [0, 0, 0, ..., 0, 1, 0],\n","       [0, 0, 0, ..., 1, 0, 1],\n","       [0, 0, 0, ..., 0, 1, 0]]), array([[ 4.43052273,  1.41937438,  6.18685075, ...,  1.59797605,\n","         2.45295686,  1.18100255],\n","       [ 1.41937438,  2.06163877,  2.11342554, ..., -1.55093207,\n","        -3.34472393, -3.22712031],\n","       [ 6.18685075,  2.11342554,  9.53308215, ...,  1.41424847,\n","         1.51459161,  0.21293292],\n","       ...,\n","       [ 1.59797605, -1.55093207,  1.41424847, ..., 10.4361579 ,\n","        12.16275411, 12.3608763 ],\n","       [ 2.45295686, -3.34472393,  1.51459161, ..., 12.16275411,\n","        18.79678622, 16.93457658],\n","       [ 1.18100255, -3.22712031,  0.21293292, ..., 12.3608763 ,\n","        16.93457658, 16.66492829]]), array([[ 1.        ,  0.43164306,  0.95455315, ...,  0.13349092,\n","         0.11364799,  0.04315558],\n","       [ 0.43164306,  1.        ,  0.40406494, ..., -0.36122949,\n","        -0.5799098 , -0.55652064],\n","       [ 0.95455315,  0.40406494,  1.        , ...,  0.06352023,\n","        -0.00599906, -0.05099022],\n","       ...,\n","       [ 0.13349092, -0.36122949,  0.06352023, ...,  1.        ,\n","         0.83982496,  0.92575265],\n","       [ 0.11364799, -0.5799098 , -0.00599906, ...,  0.83982496,\n","         1.        ,  0.95748605],\n","       [ 0.04315558, -0.55652064, -0.05099022, ...,  0.92575265,\n","         0.95748605,  1.        ]])], [array([[0, 1, 1, ..., 0, 0, 0],\n","       [1, 0, 1, ..., 0, 0, 0],\n","       [1, 1, 0, ..., 0, 0, 0],\n","       ...,\n","       [0, 0, 0, ..., 0, 0, 0],\n","       [0, 0, 0, ..., 0, 0, 0],\n","       [0, 0, 0, ..., 0, 0, 0]]), array([[115.73766059,  93.72953634,  86.47386278, ...,  18.05666296,\n","         34.48058216,  17.97676752],\n","       [ 93.72953634,  77.71799076,  70.55026201, ...,  13.64293597,\n","         26.83911123,  13.64877442],\n","       [ 86.47386278,  70.55026201,  67.49133205, ...,  13.3701546 ,\n","         25.9346218 ,  14.12506604],\n","       ...,\n","       [ 18.05666296,  13.64293597,  13.3701546 , ...,   8.52693185,\n","         10.79384611,   8.51820031],\n","       [ 34.48058216,  26.83911123,  25.9346218 , ...,  10.79384611,\n","         15.86555856,  10.77247173],\n","       [ 17.97676752,  13.64877442,  14.12506604, ...,   8.51820031,\n","         10.77247173,   9.7679666 ]]), array([[1.        , 0.98444499, 0.97330221, ..., 0.56755014, 0.8004443 ,\n","        0.52187114],\n","       [0.98444499, 1.        , 0.96543214, ..., 0.50623277, 0.7437827 ,\n","        0.47396967],\n","       [0.97330221, 0.96543214, 1.        , ..., 0.53308975, 0.77490826,\n","        0.52294406],\n","       ...,\n","       [0.56755014, 0.50623277, 0.53308975, ..., 1.        , 0.92161822,\n","        0.93193167],\n","       [0.8004443 , 0.7437827 , 0.77490826, ..., 0.92161822, 1.        ,\n","        0.85659181],\n","       [0.52187114, 0.47396967, 0.52294406, ..., 0.93193167, 0.85659181,\n","        1.        ]])], [array([[0, 1, 0, ..., 0, 0, 0],\n","       [1, 0, 0, ..., 0, 0, 0],\n","       [0, 0, 0, ..., 0, 0, 0],\n","       ...,\n","       [0, 0, 0, ..., 0, 0, 0],\n","       [0, 0, 0, ..., 0, 0, 0],\n","       [0, 0, 0, ..., 0, 0, 0]]), array([[ 6.95518312,  8.18744649,  5.01461785, ...,  4.51511612,\n","         4.54415804,  5.77510841],\n","       [ 8.18744649, 13.31201652,  3.821452  , ...,  7.95943892,\n","         6.0713373 ,  9.4864208 ],\n","       [ 5.01461785,  3.821452  ,  6.0253028 , ...,  2.84729364,\n","         3.53286076,  3.75167724],\n","       ...,\n","       [ 4.51511612,  7.95943892,  2.84729364, ..., 19.73000333,\n","        12.73169298, 20.66413207],\n","       [ 4.54415804,  6.0713373 ,  3.53286076, ..., 12.73169298,\n","        10.88780171, 13.93681498],\n","       [ 5.77510841,  9.4864208 ,  3.75167724, ..., 20.66413207,\n","        13.93681498, 23.3992287 ]]), array([[1.        , 0.8149163 , 0.72818769, ..., 0.33977216, 0.37728469,\n","        0.38199737],\n","       [0.8149163 , 1.        , 0.38551127, ..., 0.49661013, 0.43352047,\n","        0.53093619],\n","       [0.72818769, 0.38551127, 1.        , ..., 0.25952162, 0.36953948,\n","        0.27654726],\n","       ...,\n","       [0.33977216, 0.49661013, 0.25952162, ..., 1.        , 0.8716323 ,\n","        0.96601421],\n","       [0.37728469, 0.43352047, 0.36953948, ..., 0.8716323 , 1.        ,\n","        0.8598976 ],\n","       [0.38199737, 0.53093619, 0.27654726, ..., 0.96601421, 0.8598976 ,\n","        1.        ]])], [array([[0, 1, 1, ..., 0, 0, 0],\n","       [1, 0, 0, ..., 0, 0, 0],\n","       [1, 0, 0, ..., 0, 0, 0],\n","       ...,\n","       [0, 0, 0, ..., 0, 1, 0],\n","       [0, 0, 0, ..., 1, 0, 1],\n","       [0, 0, 0, ..., 0, 1, 0]]), array([[104.5970752 , 101.41370218,  77.0448838 , ...,  14.2311492 ,\n","         43.92824503,  10.03597412],\n","       [101.41370218, 187.92148971, 111.46494528, ...,  -1.90903884,\n","         40.32147057,  -4.52798411],\n","       [ 77.0448838 , 111.46494528, 106.39889369, ...,   1.71132384,\n","         33.12520089,   1.7254598 ],\n","       ...,\n","       [ 14.2311492 ,  -1.90903884,   1.71132384, ...,  14.57277574,\n","         14.01572968,  11.96378438],\n","       [ 43.92824503,  40.32147057,  33.12520089, ...,  14.01572968,\n","         26.852857  ,  11.35415275],\n","       [ 10.03597412,  -4.52798411,   1.7254598 , ...,  11.96378438,\n","         11.35415275,  11.25614746]]), array([[ 1.        ,  0.76990932,  0.76846033, ...,  0.28764293,\n","         0.84210694,  0.21431184],\n","       [ 0.76990932,  1.        ,  0.80607557, ...,  0.00186457,\n","         0.61513251, -0.03613691],\n","       [ 0.76846033,  0.80607557,  1.        , ...,  0.01652886,\n","         0.66268587,  0.03510488],\n","       ...,\n","       [ 0.28764293,  0.00186457,  0.01652886, ...,  1.        ,\n","         0.59038955,  0.84956535],\n","       [ 0.84210694,  0.61513251,  0.66268587, ...,  0.59038955,\n","         1.        ,  0.50674562],\n","       [ 0.21431184, -0.03613691,  0.03510488, ...,  0.84956535,\n","         0.50674562,  1.        ]])], [array([[0, 0, 0, ..., 0, 0, 0],\n","       [0, 0, 1, ..., 0, 0, 0],\n","       [0, 1, 0, ..., 0, 0, 0],\n","       ...,\n","       [0, 0, 0, ..., 0, 0, 0],\n","       [0, 0, 0, ..., 0, 0, 0],\n","       [0, 0, 0, ..., 0, 0, 0]]), array([[15.98129907, 16.22665902, 30.77682628, ...,  2.95420968,\n","        24.01332595, 12.35632064],\n","       [16.22665902, 21.01286428, 36.2525922 , ...,  7.48863808,\n","        27.32293554, 15.60464971],\n","       [30.77682628, 36.2525922 , 66.6944111 , ...,  8.20087327,\n","        48.33222529, 25.67900821],\n","       ...,\n","       [ 2.95420968,  7.48863808,  8.20087327, ..., 31.17129912,\n","        20.48829513, 19.94564449],\n","       [24.01332595, 27.32293554, 48.33222529, ..., 20.48829513,\n","        70.51809962, 39.63283892],\n","       [12.35632064, 15.60464971, 25.67900821, ..., 19.94564449,\n","        39.63283892, 25.48415861]]), array([[1.        , 0.82877819, 0.90549995, ..., 0.18433464, 0.5229169 ,\n","        0.50822185],\n","       [0.82877819, 1.        , 0.94204194, ..., 0.24327728, 0.44338047,\n","        0.45133243],\n","       [0.90549995, 0.94204194, 1.        , ..., 0.16466029, 0.4382581 ,\n","        0.41309439],\n","       ...,\n","       [0.18433464, 0.24327728, 0.16466029, ..., 1.        , 0.39276562,\n","        0.71190448],\n","       [0.5229169 , 0.44338047, 0.4382581 , ..., 0.39276562, 1.        ,\n","        0.90537513],\n","       [0.50822185, 0.45133243, 0.41309439, ..., 0.71190448, 0.90537513,\n","        1.        ]])], [array([[0, 1, 1, ..., 0, 0, 0],\n","       [1, 0, 1, ..., 0, 0, 0],\n","       [1, 1, 0, ..., 0, 0, 0],\n","       ...,\n","       [0, 0, 0, ..., 0, 0, 1],\n","       [0, 0, 0, ..., 0, 0, 0],\n","       [0, 0, 0, ..., 1, 0, 0]]), array([[40.11150927, 25.4663362 ,  7.47218513, ..., -1.07394749,\n","        -1.83317419, -1.98085733],\n","       [25.4663362 , 22.12846403, 18.2756968 , ...,  3.29597755,\n","         0.82181437,  0.70659444],\n","       [ 7.47218513, 18.2756968 , 47.23286689, ..., 10.995975  ,\n","         5.85232078,  3.99319419],\n","       ...,\n","       [-1.07394749,  3.29597755, 10.995975  , ..., 22.94597059,\n","        21.18144733, 18.75527333],\n","       [-1.83317419,  0.82181437,  5.85232078, ..., 21.18144733,\n","        22.04918428, 18.99338628],\n","       [-1.98085733,  0.70659444,  3.99319419, ..., 18.75527333,\n","        18.99338628, 17.01429948]]), array([[ 1.        ,  0.86429484,  0.21044266, ..., -0.01602963,\n","        -0.05052409, -0.06230265],\n","       [ 0.86429484,  1.        ,  0.58920306, ...,  0.15769989,\n","         0.05159203,  0.04872409],\n","       [ 0.21044266,  0.58920306,  1.        , ...,  0.37128691,\n","         0.21723666,  0.17860083],\n","       ...,\n","       [-0.01602963,  0.15769989,  0.37128691, ...,  1.        ,\n","         0.94185957,  0.94504098],\n","       [-0.05052409,  0.05159203,  0.21723666, ...,  0.94185957,\n","         1.        ,  0.9785607 ],\n","       [-0.06230265,  0.04872409,  0.17860083, ...,  0.94504098,\n","         0.9785607 ,  1.        ]])], [array([[0, 1, 1, ..., 0, 0, 0],\n","       [1, 0, 1, ..., 0, 0, 0],\n","       [1, 1, 0, ..., 0, 0, 0],\n","       ...,\n","       [0, 0, 0, ..., 0, 0, 0],\n","       [0, 0, 0, ..., 0, 0, 0],\n","       [0, 0, 0, ..., 0, 0, 0]]), array([[38.22760434, 24.20424406, 36.25270515, ..., 25.53892729,\n","        40.64555117, 34.63896629],\n","       [24.20424406, 16.74784384, 22.59152425, ..., 13.80216524,\n","        22.89989892, 18.50373859],\n","       [36.25270515, 22.59152425, 35.65507981, ..., 25.80545752,\n","        40.4809099 , 34.96449655],\n","       ...,\n","       [25.53892729, 13.80216524, 25.80545752, ..., 31.7058612 ,\n","        42.09864713, 40.55157855],\n","       [40.64555117, 22.89989892, 40.4809099 , ..., 42.09864713,\n","        61.39162236, 57.66802093],\n","       [34.63896629, 18.50373859, 34.96449655, ..., 40.55157855,\n","        57.66802093, 56.76788135]]), array([[1.        , 0.94050508, 0.98175196, ..., 0.71011744, 0.82419229,\n","        0.73791486],\n","       [0.94050508, 1.        , 0.8997471 , ..., 0.5542707 , 0.66810716,\n","        0.57179592],\n","       [0.98175196, 0.8997471 , 1.        , ..., 0.75725326, 0.85940132,\n","        0.78009524],\n","       ...,\n","       [0.71011744, 0.5542707 , 0.75725326, ..., 1.        , 0.95651651,\n","        0.95404248],\n","       [0.82419229, 0.66810716, 0.85940132, ..., 0.95651651, 1.        ,\n","        0.97857532],\n","       [0.73791486, 0.57179592, 0.78009524, ..., 0.95404248, 0.97857532,\n","        1.        ]])], [array([[0, 1, 1, ..., 0, 0, 0],\n","       [1, 0, 0, ..., 0, 0, 0],\n","       [1, 0, 0, ..., 0, 0, 0],\n","       ...,\n","       [0, 0, 0, ..., 0, 0, 0],\n","       [0, 0, 0, ..., 0, 0, 0],\n","       [0, 0, 0, ..., 0, 0, 0]]), array([[ 4.36272892,  4.49519508,  7.25099442, ..., -0.285282  ,\n","         1.79875924, -2.83311432],\n","       [ 4.49519508,  8.28234287,  8.48545543, ..., -2.24423961,\n","         3.94786906, -9.51422091],\n","       [ 7.25099442,  8.48545543, 17.01890373, ...,  0.47124016,\n","         2.63840091, -3.92082529],\n","       ...,\n","       [-0.285282  , -2.24423961,  0.47124016, ...,  6.04091064,\n","        -1.62345174,  8.43098056],\n","       [ 1.79875924,  3.94786906,  2.63840091, ..., -1.62345174,\n","         5.38878944, -7.63481979],\n","       [-2.83311432, -9.51422091, -3.92082529, ...,  8.43098056,\n","        -7.63481979, 29.41704938]]), array([[ 1.        ,  0.74988258,  0.86110401, ..., -0.01535851,\n","         0.35846711, -0.31479979],\n","       [ 0.74988258,  1.        ,  0.70439076, ..., -0.27060287,\n","         0.52288136, -0.63475368],\n","       [ 0.86110401,  0.70439076,  1.        , ...,  0.1298386 ,\n","         0.27334667, -0.20353182],\n","       ...,\n","       [-0.01535851, -0.27060287,  0.1298386 , ...,  1.        ,\n","        -0.15602966,  0.36575403],\n","       [ 0.35846711,  0.52288136,  0.27334667, ..., -0.15602966,\n","         1.        , -0.56313154],\n","       [-0.31479979, -0.63475368, -0.20353182, ...,  0.36575403,\n","        -0.56313154,  1.        ]])], [array([[0, 1, 1, ..., 0, 0, 0],\n","       [1, 0, 1, ..., 0, 0, 0],\n","       [1, 1, 0, ..., 0, 0, 0],\n","       ...,\n","       [0, 0, 0, ..., 0, 1, 0],\n","       [0, 0, 0, ..., 1, 0, 1],\n","       [0, 0, 0, ..., 0, 1, 0]]), array([[102.16508695,  46.35980495,  14.78181357, ...,  -4.20963313,\n","         -5.68732511,  -0.40852237],\n","       [ 46.35980495,  34.34780597,  13.70526933, ...,  -5.2824153 ,\n","        -12.20892888,  -5.46942207],\n","       [ 14.78181357,  13.70526933,  10.47955812, ...,  -3.58119208,\n","         -8.07986537,  -3.45947764],\n","       ...,\n","       [ -4.20963313,  -5.2824153 ,  -3.58119208, ...,  10.17060211,\n","         12.89441008,  10.49408952],\n","       [ -5.68732511, -12.20892888,  -8.07986537, ...,  12.89441008,\n","         22.98882524,  14.73227599],\n","       [ -0.40852237,  -5.46942207,  -3.45947764, ...,  10.49408952,\n","         14.73227599,  12.02553106]]), array([[ 1.        ,  0.8196159 ,  0.45117862, ..., -0.14148472,\n","        -0.08402531, -0.02714539],\n","       [ 0.8196159 ,  1.        ,  0.70859289, ..., -0.30944316,\n","        -0.35100669, -0.27380857],\n","       [ 0.45117862,  0.70859289,  1.        , ..., -0.38120173,\n","        -0.48884743, -0.34096529],\n","       ...,\n","       [-0.14148472, -0.30944316, -0.38120173, ...,  1.        ,\n","         0.87275206,  0.9498605 ],\n","       [-0.08402531, -0.35100669, -0.48884743, ...,  0.87275206,\n","         1.        ,  0.92018011],\n","       [-0.02714539, -0.27380857, -0.34096529, ...,  0.9498605 ,\n","         0.92018011,  1.        ]])], [array([[0, 1, 0, ..., 0, 0, 0],\n","       [1, 0, 0, ..., 0, 0, 0],\n","       [0, 0, 0, ..., 0, 0, 0],\n","       ...,\n","       [0, 0, 0, ..., 0, 0, 0],\n","       [0, 0, 0, ..., 0, 0, 0],\n","       [0, 0, 0, ..., 0, 0, 0]]), array([[ 23.81464387,  44.15317932,   2.55573729, ...,  -1.97345312,\n","         -3.49329131,  -1.57491196],\n","       [ 44.15317932, 135.2404249 ,  -4.69802038, ...,   5.97755257,\n","         -6.8969967 ,   1.06909869],\n","       [  2.55573729,  -4.69802038,   3.61763553, ...,  -2.16596002,\n","         -0.52934719,  -1.71206068],\n","       ...,\n","       [ -1.97345312,   5.97755257,  -2.16596002, ...,   3.97336389,\n","          1.55248463,   3.92205638],\n","       [ -3.49329131,  -6.8969967 ,  -0.52934719, ...,   1.55248463,\n","          3.16802409,   3.02403755],\n","       [ -1.57491196,   1.06909869,  -1.71206068, ...,   3.92205638,\n","          3.02403755,   5.92732268]]), array([[ 1.        ,  0.72802164,  0.24292542, ..., -0.35208608,\n","        -0.44754121, -0.2512991 ],\n","       [ 0.72802164,  1.        , -0.28432565, ...,  0.13973094,\n","        -0.35868028, -0.05178897],\n","       [ 0.24292542, -0.28432565,  1.        , ..., -0.54637463,\n","        -0.09573125, -0.32418085],\n","       ...,\n","       [-0.35208608,  0.13973094, -0.54637463, ...,  1.        ,\n","         0.45861784,  0.81188811],\n","       [-0.44754121, -0.35868028, -0.09573125, ...,  0.45861784,\n","         1.        ,  0.70391141],\n","       [-0.2512991 , -0.05178897, -0.32418085, ...,  0.81188811,\n","         0.70391141,  1.        ]])], [array([[0, 0, 0, ..., 0, 0, 0],\n","       [0, 0, 1, ..., 0, 0, 0],\n","       [0, 1, 0, ..., 0, 0, 0],\n","       ...,\n","       [0, 0, 0, ..., 0, 0, 0],\n","       [0, 0, 0, ..., 0, 0, 0],\n","       [0, 0, 0, ..., 0, 0, 0]]), array([[ 9.25094871e+00,  8.03746276e+00,  1.22546983e+01, ...,\n","         3.20197585e+00,  2.05445076e+00, -2.18772733e-03],\n","       [ 8.03746276e+00,  1.53694133e+01,  1.82613487e+01, ...,\n","        -8.11487800e-01, -3.14014698e+00, -7.45046571e+00],\n","      